191 142
475 731
457 16
38 36
788 237
120 668
668 563
836 570
125 7
423 676
367 773
450 758
711 804
310 362
434 799
812 536
24 793
598 476
60 337
511 23
540 658
234 166
143 338
442 387
14 183
240 64
561 222
480 539
88 559
806 577
517 288
761 497
473 780
402 344
216 304
712 419
877 371
497 798
864 328
249 271
259 818
221 124
563 487
35 480
778 143
133 90
595 558
805 155
430 579
597 762
74 369
312 103
675 715
334 655
844 777
373 275
369 2
587 250
522 91
25 221
303 654
851 223
518 154
516 92
296 672
733 373
826 44
507 540
321 792
570 726
418 56
355 17
117 129
849 3
100 77
531 720
719 670
846 240
339 197
548 781
794 711
618 575
152 594
768 406
291 341
371 526
580 207
305 457
828 477
702 383
359 340
148 444
242 652
876 69
436 320
140 741
764 680
395 356
474 631
309 784
868 557
99 390
814 657
627 515
215 628
724 695
573 746
244 786
144 467
636 364
855 704
821 801
822 749
690 190
624 740
582 208
192 463
243 496
40 581
622 675
198 800
682 511
44 435
349 293
698 756
146 379
83 241
65 185
421 334
728 81
741 385
439 765
77 5
829 514
417 667
566 380
706 687
560 249
528 561
172 229
504 814
685 491
693 228
61 474
440 330
591 136
230 572
90 1
727 495
532 666
63 470
628 300
155 583
184 291
119 451
772 796
313 509
236 302
42 574
167 439
703 178
605 542
661 519
862 122
769 599
694 274
254 776
393 40
319 454
149 378
72 247
174 299
446 311
827 422
333 218
186 201
726 245
107 9
537 294
705 359
56 434
229 363
861 110
344 553
466 753
581 669
738 41
467 507
499 176
112 693
796 295
576 279
201 368
445 673
362 305
251 25
838 169
384 512
660 524
96 118
723 650
524 73
448 85
78 459
621 486
73 499
488 647
639 580
292 217
105 242
181 510
477 490
564 150
765 121
8 452
277 113
539 343
638 484
760 261
80 102
414 568
535 692
739 461
601 327
210 66
404 386
804 437
653 547
177 324
779 42
808 442
413 205
79 133
730 331
295 351
169 728
416 361
562 564
503 428
59 284
678 290
23 209
41 370
707 775
545 440
103 251
777 472
409 498
555 748
170 811
443 620
342 665
696 682
519 315
127 604
553 573
173 147
756 697
374 83
11 455
746 170
866 206
875 590
701 269
128 14
554 821
811 560
338 30
364 354
793 182
20 348
131 319
783 492
663 698
263 518
640 174
773 769
9 357
424 432
101 661
160 820
6 717
543 767
731 355
433 782
22 403
495 810
510 95
529 643
872 705
558 12
123 778
725 297
202 49
370 824
574 772
293 664
801 712
200 635
463 791
156 38
336 100
515 743
403 803
327 117
268 88
182 812
599 544
136 555
824 612
381 244
534 391
265 72
231 323
10 163
62 51
579 637
556 389
802 215
878 533
869 596
491 130
226 481
652 140
380 220
97 10
577 724
541 545
213 181
782 739
4 105
649 626
165 525
565 345
415 755
692 93
241 152
37 619
13 303
53 416
389 642
297 254
121 466
223 409
520 508
426 449
320 415
697 677
390 806
239 745
648 413
151 6
469 97
585 230
616 225
834 393
449 298
180 551
664 80
732 270
590 725
159 696
654 107
657 722
478 24
734 660
607 465
744 548
142 273
288 314
625 347
199 450
736 425
32 59
108 204
825 592
46 485
325 445
377 471
260 565
30 281
549 352
137 195
225 233
28 737
720 610
102 172
270 618
391 689
394 674
837 663
594 381
378 84
840 500
647 196
111 534
626 468
658 376
311 597
0 58
795 648
178 443
407 310
757 160
592 608
275 774
134 569
662 430
447 86
245 306
64 365
856 177
93 479
798 63
71 173
472 114
791 550
575 420
428 795
106 22
656 678
139 429
568 411
375 53
776 478
47 280
269 813
2 446
57 146
687 562
214 180
737 131
481 157
673 436
358 789
498 384
820 719
767 401
248 309
589 239
747 367
552 483
770 414
345 46
145 727
476 82
363 408
281 262
780 644
751 119
175 699
300 632
69 595
272 823
153 554
718 326
833 417
246 231
266 787
290 89
460 358
681 700
521 156
551 360
831 332
745 586
830 576
211 135
843 213
854 161
508 192
785 453
547 794
688 615
441 312
256 771
860 591
161 805
331 400
147 816
150 730
588 405
651 353
304 529
376 531
615 501
489 128
351 783
411 4
294 219
328 609
493 638
530 159
252 760
800 350
632 732
623 184
195 8
832 802
546 287
340 475
748 120
39 236
691 32
842 75
387 141
206 421
187 537
410 516
267 770
606 116
567 464
18 313
490 47
683 329
154 335
502 19
138 54
536 541
307 308
462 710
848 646
253 342
740 235
610 513
714 521
750 45
873 606
633 153
360 112
85 0
871 125
817 144
314 62
704 768
289 684
67 473
677 200
124 265
257 57
324 164
863 718
721 268
635 759
341 111
456 104
197 703
850 137
168 686
19 132
110 13
437 721
222 259
386 127
841 738
631 426
308 423
810 659
674 645
286 427
207 808
506 571
50 701
464 797
34 286
329 418
109 598
5 433
82 48
713 522
672 289
33 35
715 115
95 374
429 377
45 339
302 549
700 736
774 706
818 282
619 139
94 688
479 167
816 613
771 523
797 193
722 79
483 276
709 623
717 607
637 145
432 248
857 625
361 255
237 763
753 617
484 543
219 517
261 68
346 735
285 106
858 179
49 267
790 158
420 807
279 388
379 226
86 31
322 246
203 751
287 757
298 493
425 469
789 605
559 238
431 395
262 260
809 819
66 410
353 325
500 603
412 505
385 785
1 162
189 691
557 733
608 123
382 779
194 713
318 52
354 528
118 171
815 336
228 224
29 188
397 266
799 399
438 506
600 96
51 321
317 165
204 283
759 532
612 108
455 199
634 640
596 424
7 366
89 33
695 716
299 651
611 649
392 285
444 527
823 578
188 683
583 198
526 611
435 744
708 633
758 502
578 817
12 714
84 402
505 148
766 681
157 761
113 538
406 101
613 503
676 257
617 168
91 15
399 530
620 301
735 662
278 708
31 398
52 256
158 191
470 186
679 447
593 489
586 252
527 627
572 462
220 296
643 634
273 65
835 126
323 616
16 593
525 232
803 629
280 694
792 742
603 690
867 70
550 149
208 29
458 754
337 394
538 175
496 707
523 317
847 94
166 87
81 734
749 412
372 74
330 766
366 34
247 278
316 11
17 671
26 263
315 264
104 76
232 584
196 316
666 234
763 588
171 600
468 28
179 589
645 566
388 243
135 458
92 37
343 709
655 639
332 788
762 456
48 546
283 809
398 60
264 488
427 318
419 39
357 752
335 404
75 134
122 630
494 764
132 227
671 189
238 55
271 636
227 71
306 210
233 346
787 494
509 567
614 396
482 552
852 702
680 723
115 504
461 535
348 520
542 382
781 685
356 194
43 460
807 99
729 20
258 372
422 556
667 790
350 27
176 50
274 214
641 253
584 187
87 98
284 438
383 602
813 622
98 407
839 211
452 441
126 482
459 375
27 431
853 582
347 653
36 392
571 641
405 272
784 21
68 587
689 307
874 109
845 448
716 138
513 397
282 292
255 815
130 747
276 656