191 139
475 626
457 16
38 36
788 224
120 582
668 502
836 508
125 7
367 656
310 331
434 674
812 476
598 423
60 310
511 23
540 575
234 160
143 311
442 355
240 62
561 210
480 479
88 498
517 266
761 441
473 658
216 280
712 382
877 339
497 673
864 303
249 254
259 690
221 122
563 432
35 427
778 140
133 88
595 497
805 151
430 513
597 647
74 338
312 101
675 613
334 572
373 258
369 2
587 236
522 89
25 209
303 571
851 211
518 150
516 90
733 341
826 43
507 480
321 669
570 622
418 55
355 17
117 127
849 3
100 75
531 616
719 584
846 227
339 188
548 659
794 609
152 523
768 371
291 314
580 198
305 408
828 424
702 351
359 313
148 400
242 570
876 67
436 295
140 632
764 588
395 325
474 552
309 662
868 496
99 356
814 574
627 456
215 551
724 598
573 636
244 664
144 414
636 333
855 603
822 638
690 181
624 631
582 199
192 412
243 440
622 586
198 675
682 452
44 393
349 270
698 642
146 347
83 228
728 79
741 353
439 650
77 5
829 455
417 581
566 348
560 234
528 500
504 686
693 216
61 421
440 305
591 133
90 1
727 439
63 417
628 276
155 516
184 268
119 404
313 450
236 278
167 397
703 172
605 482
661 460
862 121
694 257
254 657
393 40
149 346
72 233
174 275
446 286
451 319
827 385
333 206
186 192
726 231
107 9
56 392
229 332
861 108
344 492
581 583
499 170
112 596
796 271
576 260
201 335
362 281
251 25
838 163
384 453
660 466
96 116
723 567
524 71
448 83
621 433
639 514
292 205
105 229
181 451
477 434
564 146
765 119
8 405
277 111
638 430
760 244
80 100
535 595
739 411
601 302
210 64
404 354
804 395
653 486
177 299
779 41
808 399
413 196
730 306
295 320
169 623
416 330
562 503
503 388
59 263
678 267
23 200
41 337
545 398
103 237
777 420
409 442
170 683
443 545
342 580
696 590
519 290
127 532
553 509
173 143
756 599
374 81
746 164
866 197
875 521
701 252
128 14
554 692
811 499
338 30
364 324
793 175
20 318
131 294
783 436
663 600
263 459
640 168
773 653
9 327
424 391
101 577
6 612
543 652
731 326
433 660
22 368
495 682
510 93
529 562
872 604
558 12
725 273
202 48
370 694
801 611
463 668
156 38
336 98
515 633
403 677
327 115
268 86
182 684
599 484
136 494
381 230
534 357
265 70
231 297
62 50
579 557
878 472
869 525
491 128
652 136
380 208
97 10
577 614
541 485
782 630
4 103
649 549
165 465
565 315
415 641
692 91
241 148
37 544
13 279
297 240
223 373
520 449
320 379
390 679
239 635
648 377
151 6
469 96
585 217
616 213
834 359
449 274
180 490
664 78
732 253
590 621
163 529
654 105
657 619
478 24
607 413
744 487
142 256
288 289
625 317
736 387
32 57
108 195
825 522
46 431
377 418
260 504
549 322
137 186
225 220
720 538
102 166
270 543
391 593
394 585
837 579
594 349
378 82
840 443
647 187
111 474
626 416
658 344
311 527
129 624
795 565
178 401
407 285
757 156
592 535
134 507
662 390
447 84
245 282
64 334
856 171
93 426
798 61
71 167
472 112
791 489
575 383
428 671
106 22
139 389
568 375
375 52
776 425
269 685
687 501
214 174
737 129
481 153
673 394
358 667
498 352
820 617
767 366
248 284
589 226
747 336
552 429
770 378
345 45
476 80
363 372
281 245
780 563
751 117
300 555
69 524
153 493
718 301
833 380
246 218
266 665
290 87
460 328
681 601
521 152
551 329
831 307
745 519
830 511
211 132
854 157
508 183
785 406
547 670
441 287
256 655
161 678
331 364
453 473
147 688
150 625
588 370
651 323
304 468
376 470
615 444
489 126
351 661
411 4
294 207
328 537
493 558
530 155
252 645
800 321
632 627
623 176
195 8
832 676
546 265
340 422
748 118
39 223
691 32
842 73
387 138
206 384
187 477
410 458
267 654
606 114
742 76
18 288
490 46
683 304
502 19
138 53
536 481
462 608
848 564
740 222
610 454
714 462
750 44
873 534
633 149
360 110
85 0
871 123
817 141
314 60
289 591
67 419
677 191
124 248
257 56
324 158
863 615
721 251
635 644
341 109
456 102
850 134
168 592
19 130
110 13
437 618
386 125
841 629
810 576
207 680
506 510
464 672
669 147
329 381
109 526
82 47
713 463
33 35
715 113
95 342
429 345
45 312
302 488
774 605
818 261
619 137
479 161
224 65
816 540
771 464
797 184
722 77
483 259
709 548
717 536
637 142
432 235
857 547
361 241
237 648
753 541
484 483
219 457
261 66
285 104
858 173
49 249
790 154
743 308
379 214
86 31
322 232
203 639
287 643
298 437
3 59
425 415
789 533
559 225
431 360
809 691
66 374
353 300
500 531
250 693
412 446
385 663
557 628
608 120
194 610
318 51
118 165
815 309
228 212
29 179
397 250
799 365
438 447
600 94
51 298
317 159
204 262
759 471
612 106
455 190
634 560
596 386
89 33
299 568
611 566
392 264
444 467
823 512
583 189
526 539
435 634
708 556
758 445
578 689
84 367
505 144
766 589
157 646
113 478
406 99
676 243
617 162
91 15
399 469
620 277
735 578
31 363
52 242
158 182
470 177
679 402
593 435
586 238
527 550
670 587
220 272
273 63
835 124
323 542
525 219
803 554
280 597
603 594
867 68
550 145
208 29
538 169
496 606
523 292
847 92
166 85
749 376
372 72
330 651
366 34
316 11
26 246
315 247
104 74
232 517
196 291
666 221
763 520
171 528
468 28
645 505
135 409
92 37
343 607
655 559
332 666
762 407
283 681
398 58
427 293
419 39
357 640
335 369
75 131
122 553
494 649
132 215
671 180
238 54
227 69
306 201
233 316
787 438
509 506
614 362
482 491
852 602
680 620
115 448
461 475
348 461
542 350
356 185
43 410
807 97
729 20
258 340
422 495
350 27
176 49
274 203
641 239
584 178
87 95
284 396
383 530
839 202
126 428
459 343
853 515
347 569
36 358
571 561
405 255
784 21
689 283
874 107
845 403
716 135
513 361
282 269
255 687
130 637
276 573