256 171
82 15
821 381
87 40
807 870
863 764
917 539
569 7
593 865
955 842
158 344
352 350
651 530
868 382
809 34
442 246
486 177
409 686
730 759
353 4
530 642
973 405
1 211
813 743
965 76
183 252
269 840
49 680
403 285
162 315
920 251
641 813
226 195
455 809
20 505
914 397
434 687
280 314
723 262
950 253
563 651
953 648
580 172
237 107
711 452
305 265
227 448
160 598
514 118
860 330
292 108
419 531
168 98
655 364
780 186
109 849
273 47
848 749
503 81
661 348
134 143
84 188
789 804
642 863
972 182
879 412
6 291
271 771
665 661
528 693
94 611
391 520
337 78
547 557
699 786
753 454
112 500
445 105
133 408
612 342
754 799
968 725
737 684
410 871
592 51
681 162
823 124
700 273
217 278
18 389
882 380
354 564
778 659
2 215
767 563
798 35
182 446
522 623
558 637
648 600
960 437
738 210
805 806
687 770
506 846
918 843
332 49
606 185
554 156
748 785
214 367
386 438
842 776
110 213
969 340
985 269
618 238
167 662
881 834
630 639
344 463
330 93
360 331
643 386
116 6
155 312
576 825
88 782
553 750
366 828
830 527
875 793
922 583
717 668
718 741
179 370
104 555
136 3
274 587
438 159
201 335
531 559
921 303
233 690
670 823
185 553
69 421
470 414
432 606
456 632
193 117
894 768
40 274
190 450
598 738
919 317
113 493
903 784
949 478
34 349
608 821
424 543
640 469
216 227
615 761
623 835
230 8
491 88
196 554
301 205
832 410
58 620
415 705
138 79
508 202
387 513
900 781
471 433
340 610
587 719
358 574
379 144
117 25
657 131
859 38
165 876
293 277
560 220
740 316
679 37
107 391
101 70
610 640
341 256
888 663
268 103
329 487
204 713
191 774
934 24
170 483
574 230
583 459
343 529
43 241
656 798
331 109
567 321
371 135
845 491
152 737
982 726
639 519
509 116
320 32
218 545
747 379
51 542
849 447
709 334
993 229
426 856
515 712
707 769
11 152
296 362
37 301
307 327
644 431
784 361
235 302
73 233
786 794
804 341
933 619
236 164
173 471
984 590
834 747
986 767
777 710
846 283
315 694
835 597
108 465
29 178
880 355
964 578
175 758
609 630
892 744
733 409
406 179
219 13
614 191
3 479
912 198
713 372
568 476
298 481
451 449
520 374
673 216
85 852
440 858
749 552
319 567
672 422
55 830
582 111
99 305
937 515
716 11
137 739
187 307
221 54
13 440
139 558
992 104
231 803
792 561
335 42
676 704
901 682
739 187
974 720
153 645
911 294
584 742
361 833
223 434
248 87
865 859
4 190
57 56
967 494
689 260
815 95
741 504
831 790
212 64
797 423
198 400
251 394
78 472
339 167
309 225
637 250
677 9
511 461
181 569
356 209
77 121
284 160
682 136
566 499
154 183
79 134
724 816
199 419
708 775
63 458
959 180
588 482
585 540
385 80
417 591
680 261
60 92
306 778
316 699
819 817
31 603
589 716
552 629
394 656
685 45
144 766
887 711
100 30
924 197
345 853
499 488
811 525
597 857
390 343
493 724
752 727
213 27
659 874
692 805
947 779
779 596
601 248
8 69
766 236
172 650
559 324
963 780
633 855
943 822
56 445
628 599
246 323
47 298
146 728
66 36
818 514
571 814
756 582
466 420
916 200
981 593
446 184
492 366
368 681
800 411
430 102
304 625
627 73
722 547
142 665
565 393
647 268
188 83
15 67
413 453
775 622
883 304
796 579
923 751
763 576
23 363
884 407
877 867
460 425
595 831
631 295
449 89
24 384
395 473
728 501
53 257
541 396
388 149
457 624
710 231
760 158
229 338
976 23
157 142
310 733
405 369
698 219
945 607
367 61
370 290
376 385
505 762
80 580
675 851
30 296
996 60
769 244
461 417
987 498
783 484
483 175
463 818
380 232
494 208
177 91
851 288
605 577
513 390
45 732
498 669
995 266
650 873
660 50
240 718
745 309
762 523
393 284
962 617
905 658
431 646
257 496
572 703
120 841
517 792
575 652
980 808
611 615
939 526
725 286
238 677
940 154
791 242
704 860
61 845
119 634
267 161
408 235
929 512
351 319
938 647
781 565
300 193
225 595
346 429
759 489
932 150
402 528
52 810
543 439
870 503
715 329
159 538
338 548
459 609
839 702
667 544
705 773
524 371
878 86
542 508
793 406
867 141
302 676
135 243
773 123
529 608
591 633
854 836
856 788
404 866
259 838
696 347
444 85
820 110
999 373
264 375
41 696
313 802
197 300
577 674
731 467
355 358
497 398
788 264
97 797
913 754
468 132
825 657
286 192
287 245
693 388
383 509
481 824
389 336
896 691
915 801
245 586
321 456
33 17
72 63
10 313
54 387
105 346
334 760
827 127
480 224
475 221
400 339
364 148
454 173
629 616
149 2
288 138
174 356
719 715
490 765
479 584
70 602
691 795
519 68
318 378
210 532
771 29
951 289
902 137
746 772
265 717
694 424
90 55
255 787
347 12
527 811
262 140
128 707
966 683
535 670
283 755
855 524
734 428
125 426
586 844
326 430
757 621
482 20
325 592
927 746
772 333
532 345
171 299
770 510
645 536
114 435
83 53
907 521
50 39
861 130
276 511
141 695
74 451
487 740
525 337
115 492
205 533
997 395
624 516
600 460
663 604
956 541
211 100
373 297
678 176
850 352
893 16
504 271
768 731
314 612
195 254
991 636
540 689
695 96
474 847
876 697
123 97
621 57
726 82
751 310
979 735
234 416
243 692
342 280
810 207
127 163
401 247
743 667
64 413
817 145
192 550
604 228
89 401
439 255
232 673
948 631
363 466
873 757
250 128
92 71
652 869
909 850
812 745
885 626
690 468
774 654
599 311
537 267
428 168
625 573
785 753
285 365
132 5
263 181
790 0
26 328
111 189
241 666
674 218
561 800
398 74
954 360
662 377
260 214
795 868
467 59
735 506
847 199
824 638
649 442
521 572
336 122
683 470
328 791
684 326
206 475
829 678
253 507
425 112
372 322
261 812
836 222
714 126
381 537
322 223
664 486
384 376
891 601
668 62
910 490
412 815
806 351
311 201
721 94
697 28
5 708
427 748
930 560
961 147
866 864
594 517
121 196
975 535
994 155
48 706
161 115
518 722
635 194
129 819
626 270
68 14
478 249
414 72
222 546
826 783
178 671
931 649
998 594
782 518
93 829
278 660
549 75
936 217
802 226
317 383
545 644
654 698
841 502
556 443
140 306
207 19
130 77
369 139
303 605
799 763
899 368
616 827
671 259
397 679
16 618
65 44
429 33
801 756
98 403
247 641
258 562
926 826
485 628
416 627
164 655
688 701
590 357
95 495
150 730
562 848
744 318
333 861
720 436
102 402
843 293
418 635
833 721
971 10
489 872
297 474
526 497
495 480
516 1
496 237
452 575
349 875
822 789
619 736
299 272
71 570
570 777
871 549
224 263
977 752
634 320
632 729
81 41
270 399
399 444
350 672
362 832
555 21
942 854
131 522
359 239
607 204
38 477
512 807
295 325
564 240
189 43
852 281
106 146
91 157
869 203
978 308
122 534
736 392
732 170
476 685
706 839
703 359
202 84
308 234
67 120
501 119
638 700
853 65
464 101
548 688
890 276
477 862
838 485
573 354
145 457
124 114
281 464
396 18
578 462
550 588
176 26
472 287
895 643
814 613
272 113
465 455
473 585
156 31
44 415
169 441
443 153
357 52
86 432
889 709
957 125
990 556
220 279
898 589
658 653
551 566
941 332
421 165
184 106
76 796
534 568
758 133
761 151
669 571